   0.0000000e+00   1.0959930e+02
   5.0000000e-03   1.1284803e+02
   1.0000000e-02   1.1598616e+02
   1.5000000e-02   1.1884621e+02
   2.0000000e-02   1.2122698e+02
   2.5000000e-02   1.2298624e+02
   3.0000000e-02   1.2411710e+02
   3.5000000e-02   1.2474200e+02
   4.0000000e-02   1.2503860e+02
   4.5000000e-02   1.2516210e+02
   5.0000000e-02   1.2521011e+02
   5.5000000e-02   1.2522919e+02
   6.0000000e-02   1.2523671e+02
   6.5000000e-02   1.2523799e+02
   7.0000000e-02   1.2523437e+02
   7.5000000e-02   1.2522594e+02
   8.0000000e-02   1.2521240e+02
   8.5000000e-02   1.2519325e+02
   9.0000000e-02   1.2516777e+02
   9.5000000e-02   1.2513538e+02
   1.0000000e-01   1.2509637e+02
   1.0500000e-01   1.2505271e+02
   1.1000000e-01   1.2500791e+02
   1.1500000e-01   1.2496573e+02
   1.2000000e-01   1.2492850e+02
   1.2500000e-01   1.2489606e+02
   1.3000000e-01   1.2486626e+02
   1.3500000e-01   1.2483642e+02
   1.4000000e-01   1.2480498e+02
   1.4500000e-01   1.2477243e+02
   1.5000000e-01   1.2474108e+02
   1.5500000e-01   1.2471392e+02
   1.6000000e-01   1.2469318e+02
   1.6500000e-01   1.2467948e+02
   1.7000000e-01   1.2467193e+02
   1.7500000e-01   1.2466987e+02
   1.8000000e-01   1.2467661e+02
   1.8500000e-01   1.2470462e+02
   1.9000000e-01   1.2477863e+02
   1.9500000e-01   1.2493063e+02
   2.0000000e-01   1.2518447e+02
   2.0500000e-01   1.2553719e+02
   2.1000000e-01   1.2595182e+02
   2.1500000e-01   1.2637081e+02
   2.2000000e-01   1.2674325e+02
   2.2500000e-01   1.2704709e+02
   2.3000000e-01   1.2729195e+02
   2.3500000e-01   1.2750402e+02
   2.4000000e-01   1.2770655e+02
   2.4500000e-01   1.2790817e+02
   2.5000000e-01   1.2810260e+02
   2.5500000e-01   1.2827618e+02
   2.6000000e-01   1.2841800e+02
   2.6500000e-01   1.2852852e+02
   2.7000000e-01   1.2862362e+02
   2.7500000e-01   1.2873263e+02
   2.8000000e-01   1.2889150e+02
   2.8500000e-01   1.2913382e+02
   2.9000000e-01   1.2948335e+02
   2.9500000e-01   1.2994950e+02
   3.0000000e-01   1.3052525e+02
   3.0500000e-01   1.3118742e+02
   3.1000000e-01   1.3190063e+02
   3.1500000e-01   1.3262706e+02
   3.2000000e-01   1.3333968e+02
   3.2500000e-01   1.3403087e+02
   3.3000000e-01   1.3470794e+02
   3.3500000e-01   1.3537618e+02
   3.4000000e-01   1.3602138e+02
   3.4500000e-01   1.3660677e+02
   3.5000000e-01   1.3708867e+02
   3.5500000e-01   1.3744008e+02
   3.6000000e-01   1.3766568e+02
   3.6500000e-01   1.3779965e+02
   3.7000000e-01   1.3789044e+02
   3.7500000e-01   1.3798306e+02
   3.8000000e-01   1.3810684e+02
   3.8500000e-01   1.3827053e+02
   3.9000000e-01   1.3846386e+02
   3.9500000e-01   1.3866599e+02
   4.0000000e-01   1.3886681e+02
   4.0500000e-01   1.3911056e+02
   4.1000000e-01   1.3955593e+02
   4.1500000e-01   1.4050723e+02
   4.2000000e-01   1.4234360e+02
   4.2500000e-01   1.4532126e+02
   4.3000000e-01   1.4934568e+02
   4.3500000e-01   1.5389632e+02
   4.4000000e-01   1.5821096e+02
   4.4500000e-01   1.6163350e+02
   4.5000000e-01   1.6388663e+02
   4.5500000e-01   1.6509720e+02
   4.6000000e-01   1.6560749e+02
   4.6500000e-01   1.6574701e+02
   4.7000000e-01   1.6570922e+02
   4.7500000e-01   1.6555282e+02
   4.8000000e-01   1.6526278e+02
   4.8500000e-01   1.6480837e+02
   4.9000000e-01   1.6417596e+02
   4.9500000e-01   1.6338070e+02
   5.0000000e-01   1.6246572e+02
   5.0500000e-01   1.6149396e+02
   5.1000000e-01   1.6053492e+02
   5.1500000e-01   1.5964846e+02
   5.2000000e-01   1.5886950e+02
   5.2500000e-01   1.5819961e+02
   5.3000000e-01   1.5760913e+02
   5.3500000e-01   1.5704822e+02
   5.4000000e-01   1.5646115e+02
   5.4500000e-01   1.5579924e+02
   5.5000000e-01   1.5503074e+02
   5.5500000e-01   1.5414622e+02
   5.6000000e-01   1.5315696e+02
   5.6500000e-01   1.5208495e+02
   5.7000000e-01   1.5094825e+02
   5.7500000e-01   1.4974986e+02
   5.8000000e-01   1.4847842e+02
   5.8500000e-01   1.4712338e+02
   5.9000000e-01   1.4569832e+02
   5.9500000e-01   1.4425861e+02
   6.0000000e-01   1.4289825e+02
   6.0500000e-01   1.4172119e+02
   6.1000000e-01   1.4079959e+02
   6.1500000e-01   1.4014308e+02
   6.2000000e-01   1.3969790e+02
   6.2500000e-01   1.3937586e+02
   6.3000000e-01   1.3909456e+02
   6.3500000e-01   1.3880569e+02
   6.4000000e-01   1.3849775e+02
   6.4500000e-01   1.3817532e+02
   6.5000000e-01   1.3783210e+02
   6.5500000e-01   1.3743966e+02
   6.6000000e-01   1.3696334e+02
   6.6500000e-01   1.3639357e+02
   6.7000000e-01   1.3576478e+02
   6.7500000e-01   1.3514274e+02
   6.8000000e-01   1.3458897e+02
   6.8500000e-01   1.3413076e+02
   6.9000000e-01   1.3375819e+02
   6.9500000e-01   1.3344430e+02
   7.0000000e-01   1.3316791e+02
   7.0500000e-01   1.3292320e+02
   7.1000000e-01   1.3271470e+02
   7.1500000e-01   1.3254476e+02
   7.2000000e-01   1.3240010e+02
   7.2500000e-01   1.3224267e+02
   7.3000000e-01   1.3201233e+02
   7.3500000e-01   1.3164615e+02
   7.4000000e-01   1.3110817e+02
   7.4500000e-01   1.3041098e+02
   7.5000000e-01   1.2961238e+02
   7.5500000e-01   1.2878858e+02
   7.6000000e-01   1.2800484e+02
   7.6500000e-01   1.2730309e+02
   7.7000000e-01   1.2670771e+02
   7.7500000e-01   1.2623453e+02
   7.8000000e-01   1.2589090e+02
   7.8500000e-01   1.2566954e+02
   7.9000000e-01   1.2554690e+02
   7.9500000e-01   1.2549154e+02
   8.0000000e-01   1.2547837e+02
   8.0500000e-01   1.2550198e+02
   8.1000000e-01   1.2558507e+02
   8.1500000e-01   1.2577922e+02
   8.2000000e-01   1.2615282e+02
   8.2500000e-01   1.2676264e+02
   8.3000000e-01   1.2761629e+02
   8.3500000e-01   1.2864690e+02
   8.4000000e-01   1.2972201e+02
   8.4500000e-01   1.3068982e+02
   8.5000000e-01   1.3143842e+02
   8.5500000e-01   1.3193335e+02
   8.6000000e-01   1.3221425e+02
   8.6500000e-01   1.3236079e+02
   8.7000000e-01   1.3245351e+02
   8.7500000e-01   1.3254944e+02
   8.8000000e-01   1.3267535e+02
   8.8500000e-01   1.3283168e+02
   8.9000000e-01   1.3300109e+02
   8.9500000e-01   1.3315932e+02
   9.0000000e-01   1.3328621e+02
   9.0500000e-01   1.3337315e+02
   9.1000000e-01   1.3342435e+02
   9.1500000e-01   1.3345382e+02
   9.2000000e-01   1.3348277e+02
   9.2500000e-01   1.3353992e+02
   9.3000000e-01   1.3366189e+02
   9.3500000e-01   1.3388797e+02
   9.4000000e-01   1.3424735e+02
   9.4500000e-01   1.3474505e+02
   9.5000000e-01   1.3535678e+02
   9.5500000e-01   1.3603866e+02
   9.6000000e-01   1.3674576e+02
   9.6500000e-01   1.3744641e+02
   9.7000000e-01   1.3812280e+02
   9.7500000e-01   1.3876026e+02
   9.8000000e-01   1.3933720e+02
   9.8500000e-01   1.3982563e+02
   9.9000000e-01   1.4020230e+02
   9.9500000e-01   1.4046088e+02
   1.0000000e+00   1.4061572e+02
   1.0050000e+00   1.4069488e+02
   1.0100000e+00   1.4072836e+02
   1.0150000e+00   1.4073871e+02
   1.0200000e+00   1.4073764e+02
   1.0250000e+00   1.4072758e+02
   1.0300000e+00   1.4070562e+02
   1.0350000e+00   1.4066792e+02
   1.0400000e+00   1.4061362e+02
   1.0450000e+00   1.4054691e+02
   1.0500000e+00   1.4047600e+02
   1.0550000e+00   1.4040953e+02
   1.0600000e+00   1.4035168e+02
   1.0650000e+00   1.4029807e+02
   1.0700000e+00   1.4023327e+02
   1.0750000e+00   1.4013038e+02
   1.0800000e+00   1.3995222e+02
   1.0850000e+00   1.3965124e+02
   1.0900000e+00   1.3916610e+02
   1.0950000e+00   1.3842021e+02
   1.1000000e+00   1.3733681e+02
   1.1050000e+00   1.3587859e+02
   1.1100000e+00   1.3409285e+02
   1.1150000e+00   1.3212213e+02
   1.1200000e+00   1.3015618e+02
   1.1250000e+00   1.2835028e+02
   1.1300000e+00   1.2676916e+02
   1.1350000e+00   1.2539531e+02
   1.1400000e+00   1.2418501e+02
   1.1450000e+00   1.2311956e+02
   1.1500000e+00   1.2221519e+02
   1.1550000e+00   1.2149611e+02
   1.1600000e+00   1.2096058e+02
   1.1650000e+00   1.2056359e+02
   1.1700000e+00   1.2022295e+02
   1.1750000e+00   1.1984380e+02
   1.1800000e+00   1.1935142e+02
   1.1850000e+00   1.1871680e+02
   1.1900000e+00   1.1795912e+02
   1.1950000e+00   1.1712328e+02
   1.2000000e+00   1.1625085e+02
   1.2050000e+00   1.1536873e+02
   1.2100000e+00   1.1450131e+02
   1.2150000e+00   1.1368785e+02
   1.2200000e+00   1.1298216e+02
   1.2250000e+00   1.1243163e+02
   1.2300000e+00   1.1205368e+02
   1.2350000e+00   1.1182911e+02
   1.2400000e+00   1.1171532e+02
   1.2450000e+00   1.1166688e+02
   1.2500000e+00   1.1164957e+02
   1.2550000e+00   1.1164341e+02
   1.2600000e+00   1.1163906e+02
   1.2650000e+00   1.1163426e+02
   1.2700000e+00   1.1163216e+02
   1.2750000e+00   1.1163824e+02
   1.2800000e+00   1.1165209e+02
   1.2850000e+00   1.1165864e+02
   1.2900000e+00   1.1163250e+02
   1.2950000e+00   1.1156639e+02
   1.3000000e+00   1.1151804e+02
   1.3050000e+00   1.1164620e+02
   1.3100000e+00   1.1219135e+02
   1.3150000e+00   1.1336850e+02
   1.3200000e+00   1.1519404e+02
   1.3250000e+00   1.1734851e+02
   1.3300000e+00   1.1921163e+02
   1.3350000e+00   1.2011866e+02
   1.3400000e+00   1.1970952e+02
   1.3450000e+00   1.1812992e+02
   1.3500000e+00   1.1593171e+02
   1.3550000e+00   1.1374959e+02
   1.3600000e+00   1.1199292e+02
   1.3650000e+00   1.1074310e+02
   1.3700000e+00   1.0986034e+02
   1.3750000e+00   1.0916287e+02
   1.3800000e+00   1.0854489e+02
   1.3850000e+00   1.0799234e+02
   1.3900000e+00   1.0753586e+02
   1.3950000e+00   1.0719841e+02
   1.4000000e+00   1.0697109e+02
   1.4050000e+00   1.0681862e+02
   1.4100000e+00   1.0669875e+02
   1.4150000e+00   1.0657862e+02
   1.4200000e+00   1.0644081e+02
   1.4250000e+00   1.0628111e+02
   1.4300000e+00   1.0610337e+02
   1.4350000e+00   1.0591492e+02
   1.4400000e+00   1.0572346e+02
   1.4450000e+00   1.0553503e+02
   1.4500000e+00   1.0535276e+02
   1.4550000e+00   1.0517581e+02
   1.4600000e+00   1.0499842e+02
   1.4650000e+00   1.0480955e+02
   1.4700000e+00   1.0459415e+02
   1.4750000e+00   1.0433671e+02
   1.4800000e+00   1.0402614e+02
   1.4850000e+00   1.0365979e+02
   1.4900000e+00   1.0324358e+02
   1.4950000e+00   1.0278753e+02
   1.5000000e+00   1.0229922e+02
   1.5050000e+00   1.0178045e+02
   1.5100000e+00   1.0123098e+02
   1.5150000e+00   1.0065751e+02
   1.5200000e+00   1.0008128e+02
   1.5250000e+00   9.9537342e+01
   1.5300000e+00   9.9064370e+01
   1.5350000e+00   9.8690883e+01
   1.5400000e+00   9.8425747e+01
   1.5450000e+00   9.8257480e+01
   1.5500000e+00   9.8161069e+01
   1.5550000e+00   9.8107411e+01
   1.5600000e+00   9.8070821e+01
   1.5650000e+00   9.8032750e+01
   1.5700000e+00   9.7982384e+01
   1.5750000e+00   9.7915694e+01
   1.5800000e+00   9.7834041e+01
   1.5850000e+00   9.7742628e+01
   1.5900000e+00   9.7648842e+01
   1.5950000e+00   9.7560647e+01
   1.6000000e+00   9.7485392e+01
   1.6050000e+00   9.7429441e+01
   1.6100000e+00   9.7398799e+01
   1.6150000e+00   9.7400649e+01
   1.6200000e+00   9.7445343e+01
   1.6250000e+00   9.7550655e+01
   1.6300000e+00   9.7756575e+01
   1.6350000e+00   9.8159306e+01
   1.6400000e+00   9.8951509e+01
   1.6450000e+00   1.0041789e+02
   1.6500000e+00   1.0283006e+02
   1.6550000e+00   1.0625654e+02
   1.6600000e+00   1.1041179e+02
   1.6650000e+00   1.1469234e+02
   1.6700000e+00   1.1842242e+02
   1.6750000e+00   1.2115496e+02
   1.6800000e+00   1.2282184e+02
   1.6850000e+00   1.2365742e+02
   1.6900000e+00   1.2399617e+02
   1.6950000e+00   1.2410480e+02
   1.7000000e+00   1.2412844e+02
   1.7050000e+00   1.2412082e+02
   1.7100000e+00   1.2408916e+02
   1.7150000e+00   1.2401395e+02
   1.7200000e+00   1.2384615e+02
   1.7250000e+00   1.2350436e+02
   1.7300000e+00   1.2289066e+02
   1.7350000e+00   1.2192707e+02
   1.7400000e+00   1.2059758e+02
   1.7450000e+00   1.1897328e+02
   1.7500000e+00   1.1720516e+02
   1.7550000e+00   1.1548528e+02
   1.7600000e+00   1.1399097e+02
   1.7650000e+00   1.1283457e+02
   1.7700000e+00   1.1203970e+02
   1.7750000e+00   1.1155350e+02
   1.7800000e+00   1.1128504e+02
   1.7850000e+00   1.1114683e+02
   1.7900000e+00   1.1107896e+02
   1.7950000e+00   1.1105133e+02
   1.8000000e+00   1.1105452e+02
   1.8050000e+00   1.1109408e+02
   1.8100000e+00   1.1120073e+02
   1.8150000e+00   1.1146114e+02
   1.8200000e+00   1.1205615e+02
   1.8250000e+00   1.1326593e+02
   1.8300000e+00   1.1539268e+02
   1.8350000e+00   1.1859636e+02
   1.8400000e+00   1.2272667e+02
   1.8450000e+00   1.2728458e+02
   1.8500000e+00   1.3158418e+02
   1.8550000e+00   1.3503713e+02
   1.8600000e+00   1.3737920e+02
   1.8650000e+00   1.3870324e+02
   1.8700000e+00   1.3931393e+02
   1.8750000e+00   1.3953475e+02
   1.8800000e+00   1.3958852e+02
   1.8850000e+00   1.3958039e+02
   1.8900000e+00   1.3953834e+02
   1.8950000e+00   1.3945810e+02
   1.9000000e+00   1.3932974e+02
   1.9050000e+00   1.3914747e+02
   1.9100000e+00   1.3890948e+02
   1.9150000e+00   1.3861333e+02
   1.9200000e+00   1.3825223e+02
   1.9250000e+00   1.3781618e+02
   1.9300000e+00   1.3729789e+02
   1.9350000e+00   1.3669900e+02
   1.9400000e+00   1.3603311e+02
   1.9450000e+00   1.3532572e+02
   1.9500000e+00   1.3461238e+02
   1.9550000e+00   1.3393407e+02
   1.9600000e+00   1.3332745e+02
   1.9650000e+00   1.3281209e+02
   1.9700000e+00   1.3238247e+02
   1.9750000e+00   1.3201165e+02
   1.9800000e+00   1.3166523e+02
   1.9850000e+00   1.3131611e+02
   1.9900000e+00   1.3095121e+02
   1.9950000e+00   1.3056921e+02
   2.0000000e+00   1.3017590e+02
   2.0050000e+00   1.2978375e+02
   2.0100000e+00   1.2941628e+02
   2.0150000e+00   1.2911162e+02
   2.0200000e+00   1.2891814e+02
   2.0250000e+00   1.2888012e+02
   2.0300000e+00   1.2901973e+02
   2.0350000e+00   1.2932683e+02
   2.0400000e+00   1.2977091e+02
   2.0450000e+00   1.3034537e+02
   2.0500000e+00   1.3113480e+02
   2.0550000e+00   1.3235840e+02
   2.0600000e+00   1.3431876e+02
   2.0650000e+00   1.3722975e+02
   2.0700000e+00   1.4100956e+02
   2.0750000e+00   1.4520492e+02
   2.0800000e+00   1.4914775e+02
   2.0850000e+00   1.5226204e+02
   2.0900000e+00   1.5430600e+02
   2.0950000e+00   1.5538381e+02
   2.1000000e+00   1.5573325e+02
   2.1050000e+00   1.5543306e+02
   2.1100000e+00   1.5420448e+02
   2.1150000e+00   1.5144565e+02
   2.1200000e+00   1.4654889e+02
   2.1250000e+00   1.3937848e+02
   2.1300000e+00   1.3060088e+02
   2.1350000e+00   1.2156759e+02
   2.1400000e+00   1.1374982e+02
   2.1450000e+00   1.0808848e+02
   2.1500000e+00   1.0469622e+02
   2.1550000e+00   1.0304714e+02
   2.1600000e+00   1.0241960e+02
   2.1650000e+00   1.0225382e+02
   2.1700000e+00   1.0226766e+02
   2.1750000e+00   1.0239379e+02
   2.1800000e+00   1.0266738e+02
   2.1850000e+00   1.0313437e+02
   2.1900000e+00   1.0379240e+02
   2.1950000e+00   1.0456993e+02
   2.2000000e+00   1.0535168e+02
   2.2050000e+00   1.0603756e+02
   2.2100000e+00   1.0659362e+02
   2.2150000e+00   1.0705700e+02
   2.2200000e+00   1.0749406e+02
   2.2250000e+00   1.0794669e+02
   2.2300000e+00   1.0840663e+02
   2.2350000e+00   1.0883117e+02
   2.2400000e+00   1.0918590e+02
   2.2450000e+00   1.0948995e+02
   2.2500000e+00   1.0984227e+02
   2.2550000e+00   1.1040954e+02
   2.2600000e+00   1.1136299e+02
   2.2650000e+00   1.1277990e+02
   2.2700000e+00   1.1456716e+02
   2.2750000e+00   1.1647550e+02
   2.2800000e+00   1.1822241e+02
   2.2850000e+00   1.1966022e+02
   2.2900000e+00   1.2088214e+02
   2.2950000e+00   1.2218929e+02
   2.3000000e+00   1.2392494e+02
   2.3050000e+00   1.2626405e+02
   2.3100000e+00   1.2908339e+02
   2.3150000e+00   1.3199912e+02
   2.3200000e+00   1.3455471e+02
   2.3250000e+00   1.3643846e+02
   2.3300000e+00   1.3759322e+02
   2.3350000e+00   1.3817064e+02
   2.3400000e+00   1.3839652e+02
   2.3450000e+00   1.3845272e+02
   2.3500000e+00   1.3843199e+02
   2.3550000e+00   1.3835187e+02
   2.3600000e+00   1.3818729e+02
   2.3650000e+00   1.3789861e+02
   2.3700000e+00   1.3745350e+02
   2.3750000e+00   1.3684519e+02
   2.3800000e+00   1.3610121e+02
   2.3850000e+00   1.3527396e+02
   2.3900000e+00   1.3441414e+02
   2.3950000e+00   1.3354277e+02
   2.4000000e+00   1.3264230e+02
   2.4050000e+00   1.3167607e+02
   2.4100000e+00   1.3062344e+02
   2.4150000e+00   1.2950431e+02
   2.4200000e+00   1.2837356e+02
   2.4250000e+00   1.2728792e+02
   2.4300000e+00   1.2626828e+02
   2.4350000e+00   1.2528367e+02
   2.4400000e+00   1.2426710e+02
   2.4450000e+00   1.2314996e+02
   2.4500000e+00   1.2188946e+02
   2.4550000e+00   1.2047100e+02
   2.4600000e+00   1.1889158e+02
   2.4650000e+00   1.1714782e+02
   2.4700000e+00   1.1524666e+02
   2.4750000e+00   1.1323111e+02
   2.4800000e+00   1.1119261e+02
   2.4850000e+00   1.0924952e+02
   2.4900000e+00   1.0750043e+02
   2.4950000e+00   1.0598473e+02
   2.5000000e+00   1.0467772e+02
   2.5050000e+00   1.0352067e+02
   2.5100000e+00   1.0246109e+02
   2.5150000e+00   1.0147528e+02
   2.5200000e+00   1.0056250e+02
   2.5250000e+00   9.9722706e+01
   2.5300000e+00   9.8939438e+01
   2.5350000e+00   9.8182152e+01
   2.5400000e+00   9.7425030e+01
   2.5450000e+00   9.6667124e+01
   2.5500000e+00   9.5938760e+01
   2.5550000e+00   9.5289592e+01
   2.5600000e+00   9.4765792e+01
   2.5650000e+00   9.4389830e+01
   2.5700000e+00   9.4153404e+01
   2.5750000e+00   9.4025187e+01
   2.5800000e+00   9.3966619e+01
   2.5850000e+00   9.3948194e+01
   2.5900000e+00   9.3965643e+01
   2.5950000e+00   9.4059446e+01
   2.6000000e+00   9.4330690e+01
   2.6050000e+00   9.4928116e+01
   2.6100000e+00   9.5983967e+01
   2.6150000e+00   9.7517050e+01
   2.6200000e+00   9.9370147e+01
   2.6250000e+00   1.0124639e+02
   2.6300000e+00   1.0283820e+02
   2.6350000e+00   1.0396371e+02
   2.6400000e+00   1.0461882e+02
   2.6450000e+00   1.0492570e+02
   2.6500000e+00   1.0503607e+02
   2.6550000e+00   1.0506155e+02
   2.6600000e+00   1.0505800e+02
   2.6650000e+00   1.0504440e+02
   2.6700000e+00   1.0502573e+02
   2.6750000e+00   1.0500497e+02
   2.6800000e+00   1.0498562e+02
   2.6850000e+00   1.0497050e+02
   2.6900000e+00   1.0496038e+02
   2.6950000e+00   1.0495342e+02
   2.7000000e+00   1.0494513e+02
   2.7050000e+00   1.0492876e+02
   2.7100000e+00   1.0489693e+02
   2.7150000e+00   1.0484477e+02
   2.7200000e+00   1.0477359e+02
   2.7250000e+00   1.0469217e+02
   2.7300000e+00   1.0461385e+02
   2.7350000e+00   1.0455053e+02
   2.7400000e+00   1.0450769e+02
   2.7450000e+00   1.0448270e+02
   2.7500000e+00   1.0446598e+02
   2.7550000e+00   1.0444199e+02
   2.7600000e+00   1.0439022e+02
   2.7650000e+00   1.0428937e+02
   2.7700000e+00   1.0412683e+02
   2.7750000e+00   1.0390927e+02
   2.7800000e+00   1.0366541e+02
   2.7850000e+00   1.0343571e+02
   2.7900000e+00   1.0325416e+02
   2.7950000e+00   1.0313447e+02
   2.8000000e+00   1.0306898e+02
   2.8050000e+00   1.0303823e+02
   2.8100000e+00   1.0302247e+02
   2.8150000e+00   1.0300809e+02
   2.8200000e+00   1.0298821e+02
   2.8250000e+00   1.0296070e+02
   2.8300000e+00   1.0292620e+02
   2.8350000e+00   1.0288692e+02
   2.8400000e+00   1.0284619e+02
   2.8450000e+00   1.0280953e+02
   2.8500000e+00   1.0278840e+02
   2.8550000e+00   1.0280652e+02
   2.8600000e+00   1.0290570e+02
   2.8650000e+00   1.0314483e+02
   2.8700000e+00   1.0358596e+02
   2.8750000e+00   1.0426761e+02
   2.8800000e+00   1.0517620e+02
   2.8850000e+00   1.0623905e+02
   2.8900000e+00   1.0736243e+02
   2.8950000e+00   1.0851214e+02
   2.9000000e+00   1.0978772e+02
   2.9050000e+00   1.1141360e+02
   2.9100000e+00   1.1361060e+02
   2.9150000e+00   1.1641236e+02
   2.9200000e+00   1.1956567e+02
   2.9250000e+00   1.2261183e+02
   2.9300000e+00   1.2510629e+02
   2.9350000e+00   1.2682094e+02
   2.9400000e+00   1.2779743e+02
   2.9450000e+00   1.2824814e+02
   2.9500000e+00   1.2840676e+02
   2.9550000e+00   1.2842935e+02
   2.9600000e+00   1.2837340e+02
   2.9650000e+00   1.2822406e+02
   2.9700000e+00   1.2793184e+02
   2.9750000e+00   1.2744780e+02
   2.9800000e+00   1.2675400e+02
   2.9850000e+00   1.2588193e+02
   2.9900000e+00   1.2490863e+02
   2.9950000e+00   1.2392873e+02
   3.0000000e+00   1.2301517e+02
   3.0050000e+00   1.2218975e+02
   3.0100000e+00   1.2142052e+02
   3.0150000e+00   1.2064794e+02
   3.0200000e+00   1.1982479e+02
   3.0250000e+00   1.1894537e+02
   3.0300000e+00   1.1804509e+02
   3.0350000e+00   1.1717050e+02
   3.0400000e+00   1.1634021e+02
   3.0450000e+00   1.1552343e+02
   3.0500000e+00   1.1464899e+02
   3.0550000e+00   1.1363499e+02
   3.0600000e+00   1.1241826e+02
   3.0650000e+00   1.1097257e+02
   3.0700000e+00   1.0931987e+02
   3.0750000e+00   1.0753937e+02
   3.0800000e+00   1.0576505e+02
   3.0850000e+00   1.0415638e+02
   3.0900000e+00   1.0284513e+02
   3.0950000e+00   1.0188659e+02
   3.1000000e+00   1.0124511e+02
   3.1050000e+00   1.0081833e+02
   3.1100000e+00   1.0047844e+02
   3.1150000e+00   1.0010896e+02
   3.1200000e+00   9.9631672e+01
   3.1250000e+00   9.9025598e+01
   3.1300000e+00   9.8327219e+01
   3.1350000e+00   9.7593863e+01
   3.1400000e+00   9.6832727e+01
   3.1450000e+00   9.5940041e+01
   3.1500000e+00   9.4714654e+01
   3.1550000e+00   9.2969547e+01
   3.1600000e+00   9.0680732e+01
   3.1650000e+00   8.8060789e+01
   3.1700000e+00   8.5487031e+01
   3.1750000e+00   8.3326136e+01
   3.1800000e+00   8.1777306e+01
   3.1850000e+00   8.0830349e+01
   3.1900000e+00   8.0336806e+01
   3.1950000e+00   8.0117573e+01
   3.2000000e+00   8.0034673e+01
   3.2050000e+00   8.0008253e+01
   3.2100000e+00   8.0001426e+01
   3.2150000e+00   8.0000142e+01
   3.2200000e+00   8.0000005e+01
   3.2250000e+00   8.0000076e+01
   3.2300000e+00   8.0002672e+01
   3.2350000e+00   8.0028434e+01
   3.2400000e+00   8.0165123e+01
   3.2450000e+00   8.0650156e+01
   3.2500000e+00   8.1926580e+01
   3.2550000e+00   8.4561557e+01
   3.2600000e+00   8.8973440e+01
   3.2650000e+00   9.5091639e+01
   3.2700000e+00   1.0221488e+02
   3.2750000e+00   1.0924604e+02
   3.2800000e+00   1.1519123e+02
   3.2850000e+00   1.1958687e+02
   3.2900000e+00   1.2258845e+02
   3.2950000e+00   1.2473486e+02
   3.3000000e+00   1.2660914e+02
   3.3050000e+00   1.2859708e+02
   3.3100000e+00   1.3080418e+02
   3.3150000e+00   1.3309654e+02
   3.3200000e+00   1.3521699e+02
   3.3250000e+00   1.3692726e+02
   3.3300000e+00   1.3811477e+02
   3.3350000e+00   1.3881623e+02
   3.3400000e+00   1.3916134e+02
   3.3450000e+00   1.3928337e+02
   3.3500000e+00   1.3924380e+02
   3.3550000e+00   1.3899426e+02
   3.3600000e+00   1.3838812e+02
   3.3650000e+00   1.3725352e+02
   3.3700000e+00   1.3551260e+02
   3.3750000e+00   1.3328219e+02
   3.3800000e+00   1.3087377e+02
   3.3850000e+00   1.2866972e+02
   3.3900000e+00   1.2695049e+02
   3.3950000e+00   1.2578927e+02
   3.4000000e+00   1.2507381e+02
   3.4050000e+00   1.2461627e+02
   3.4100000e+00   1.2426216e+02
   3.4150000e+00   1.2393878e+02
   3.4200000e+00   1.2364414e+02
   3.4250000e+00   1.2341116e+02
   3.4300000e+00   1.2327711e+02
   3.4350000e+00   1.2326673e+02
   3.4400000e+00   1.2338444e+02
   3.4450000e+00   1.2361124e+02
   3.4500000e+00   1.2390684e+02
   3.4550000e+00   1.2421976e+02
   3.4600000e+00   1.2450349e+02
   3.4650000e+00   1.2473103e+02
   3.4700000e+00   1.2489953e+02
   3.4750000e+00   1.2502309e+02
   3.4800000e+00   1.2511965e+02
   3.4850000e+00   1.2520066e+02
   3.4900000e+00   1.2526855e+02
   3.4950000e+00   1.2532086e+02
   3.5000000e+00   1.2535589e+02
   3.5050000e+00   1.2537552e+02
   3.5100000e+00   1.2538444e+02
   3.5150000e+00   1.2538758e+02
   3.5200000e+00   1.2538838e+02
   3.5250000e+00   1.2538851e+02
